NIFTY 50 - HISTORICAL P/E, P/B AND DIVIDEND YIELD
==================================================================
Source       : nifty-pe-ratio.com (nifty-public.json)
               mirrors NSE-published index valuation figures
Cross-check  : 26 dates overlap the NSE archive (archives.nseindia.com)
               max |P/E difference| = 0.000
Granularity  : weekly
Range        : 1999-01-06 .. 2026-09-07  (1445 points)
Generated    : 2026-09-08T17:38:14+05:30

!! LEVEL BREAK - READ BEFORE COMPARING ACROSS DATES
NSE switched Nifty P/E from STANDALONE to CONSOLIDATED earnings on
31-Mar-2021. Values either side of that date are not on the same
basis. A pre-2021 reading is not directly comparable to a later one.

CURRENT      : P/E 20.10   P/B 2.88   Div yield 1.19%
P/E RANGE    : min 11.00   p25 17.98   median 20.92   p75 23.08   max 41.81

DATE              P/E      P/B     DIV%        CLOSE
------------------------------------------------------------------
1999-01-06      12.11     2.16     1.75       928.25
1999-01-13      12.54     2.23     1.69       961.20
1999-01-19      12.06     2.15     1.76       924.10
1999-01-27      12.90     2.29     1.65       971.30
1999-02-03      12.64     2.25     1.69       952.40
1999-02-10      12.74     2.27     1.67       959.45
1999-02-17      12.87     2.29     1.64       969.05
1999-02-24      12.72     2.26     1.66       957.65
1999-03-03      13.98     2.49     1.49      1051.85
1999-03-10      14.35     2.55     1.46      1078.85
1999-03-17      14.10     2.51     1.51      1060.65
1999-03-24      14.13     2.51     1.51      1062.80
1999-03-31      16.53     2.84     1.48      1078.05
1999-04-07      15.81     2.72     1.54      1031.05
1999-04-13      15.25     2.62     1.59       994.25
1999-04-21      15.31     2.63     1.45       996.65
1999-04-28      14.49     2.49     1.52       943.50
1999-05-05      15.73     2.69     1.35      1019.55
1999-05-12      17.14     2.93     1.24      1110.90
1999-05-19      18.22     3.12     1.05      1180.25
1999-05-26      18.28     3.10     1.30      1135.50
1999-06-02      18.27     3.05     1.24      1125.15
1999-06-09      17.58     3.05     1.20      1163.20
1999-06-16      17.35     3.01     1.22      1148.15
1999-06-23      18.03     3.12     0.97      1193.15
1999-06-30      17.91     3.11     1.22      1187.70
1999-07-07      18.75     3.26     1.20      1243.70
1999-07-14      20.18     3.50     1.18      1335.15
1999-07-21      20.26     3.52     1.14      1340.15
1999-07-28      20.09     3.49     1.07      1320.10
1999-08-04      20.18     3.50     1.07      1326.40
1999-08-11      19.92     3.45     1.10      1315.30
1999-08-18      20.64     3.58     1.06      1363.35
1999-08-25      20.79     3.60     1.09      1371.65
1999-09-01      21.38     3.71     1.06      1410.70
1999-09-08      21.73     3.87     1.04      1399.50
1999-09-15      21.34     3.80     1.06      1374.70
1999-09-22      21.51     3.84     1.06      1386.45
1999-09-29      21.99     3.92     1.04      1415.30
1999-10-06      21.73     3.88     1.10      1392.70
1999-10-13      23.35     4.17     1.02      1496.30
1999-10-20      23.01     4.11     1.03      1477.65
1999-10-27      21.99     3.92     1.08      1411.40
1999-11-03      20.66     3.69     1.17      1326.40
1999-11-10      21.64     3.86     1.12      1389.10
1999-11-17      21.10     3.77     1.15      1352.25
1999-11-24      21.76     3.89     1.12      1394.95
1999-12-01      21.69     3.87     1.12      1388.75
1999-12-08      23.41     4.18     1.04      1438.65
1999-12-15      22.80     4.07     1.08      1401.40
1999-12-22      24.11     4.30     1.02      1481.70
1999-12-29      24.02     4.29     1.03      1476.35
2000-01-05      25.97     4.64     0.95      1595.80
2000-01-12      26.44     4.72     0.93      1624.80
2000-01-19      26.60     4.75     0.93      1634.85
2000-01-25      25.81     4.61     0.95      1586.40
2000-02-02      25.75     4.62     0.95      1588.00
2000-02-09      27.40     4.91     0.93      1689.65
2000-02-16      27.32     4.95     0.92      1711.10
2000-02-23      27.09     4.91     0.92      1696.40
2000-03-01      27.35     4.96     0.91      1712.70
2000-03-08      26.64     4.83     1.03      1666.35
2000-03-15      25.90     4.70     1.06      1620.10
2000-03-22      25.41     4.61     1.03      1589.60
2000-03-29      25.08     4.55     1.04      1558.25
2000-04-05      23.09     4.19     1.51      1434.65
2000-04-12      25.21     4.62     1.47      1592.70
2000-04-19      21.07     3.80     1.73      1404.95
2000-04-26      21.54     3.89     1.73      1436.10
2000-05-03      19.74     3.56     1.91      1316.05
2000-05-10      20.57     3.71     1.74      1363.15
2000-05-17      19.88     3.70     1.79      1311.65
2000-05-24      20.69     4.09     1.80      1235.90
2000-05-31      22.96     4.70     1.43      1380.45
2000-06-07      23.70     4.78     1.39      1430.35
2000-06-14      23.79     4.77     1.38      1435.50
2000-06-21      24.45     4.91     1.29      1475.15
2000-06-28      22.91     4.88     1.27      1470.00
2000-07-05      23.50     4.86     1.11      1526.05
2000-07-12      23.61     4.88     1.07      1533.35
2000-07-19      22.11     4.57     1.09      1435.80
2000-07-26      20.48     4.25     1.19      1318.25
2000-08-02      20.66     4.31     1.18      1331.90
2000-08-09      20.86     4.35     1.18      1344.95
2000-08-16      20.35     4.28     1.16      1351.45
2000-08-23      20.87     4.39     1.13      1386.05
2000-08-30      20.70     4.36     1.08      1375.95
2000-09-06      21.81     4.69     1.12      1435.35
2000-09-13      22.13     4.75     1.10      1456.15
2000-09-20      20.40     4.38     1.20      1342.90
2000-09-27      19.64     4.22     1.24      1292.55
2000-10-04      19.72     4.24     1.23      1297.80
2000-10-11      18.26     3.92     1.33      1201.90
2000-10-18      17.18     3.70     1.41      1136.00
2000-10-25      17.90     3.86     1.36      1183.90
2000-11-01      18.16     3.91     1.34      1200.80
2000-11-08      19.17     4.13     1.25      1266.80
2000-11-15      18.87     4.07     1.27      1247.05
2000-11-22      18.49     3.98     1.30      1222.35
2000-11-29      19.17     4.13     1.25      1264.75
2000-12-06      19.68     4.24     1.22      1298.55
2000-12-13      20.54     4.43     1.17      1354.30
2000-12-20      19.68     4.24     1.21      1295.25
2000-12-27      18.67     4.02     1.27      1228.30
2001-01-03      19.62     4.23     1.22      1291.25
2001-01-10      19.56     4.22     1.22      1287.30
2001-01-17      21.03     4.36     1.21      1297.90
2001-01-24      22.13     4.59     1.15      1365.95
2001-01-31      22.22     4.61     1.15      1371.70
2001-02-07      22.22     4.61     1.15      1370.80
2001-02-14      20.89     4.54     1.09      1393.35
2001-02-21      20.52     4.46     1.10      1370.10
2001-02-28      20.24     4.40     1.12      1351.40
2001-03-07      19.35     4.21     1.17      1290.50
2001-03-14      17.90     3.89     1.13      1194.20
2001-03-21      18.10     3.94     1.12      1207.10
2001-03-28      18.07     3.94     1.08      1206.20
2001-04-04      17.07     3.72     1.29      1136.65
2001-04-11      15.41     3.45     0.90      1066.80
2001-04-18      15.86     3.56     0.72      1103.40
2001-04-25      16.61     3.72     0.63      1155.35
2001-05-02      14.63     3.23     0.62      1137.20
2001-05-09      15.60     3.17     0.61      1149.25
2001-05-16      15.63     3.18     0.61      1151.15
2001-05-23      16.11     3.25     0.73      1179.10
2001-05-30      15.98     3.08     0.80      1177.55
2001-06-06      15.12     2.87     0.85      1115.70
2001-06-13      15.30     2.90     0.91      1129.00
2001-06-20      15.62     2.44     0.97      1097.60
2001-06-27      15.59     2.43     0.97      1096.10
2001-07-04      15.19     2.37     1.08      1067.95
2001-07-11      15.41     2.40     1.14      1083.65
2001-07-18      15.53     2.42     1.13      1091.95
2001-07-25      15.13     2.36     1.18      1064.20
2001-08-01      15.01     2.35     1.18      1063.15
2001-08-08      15.08     2.36     1.23      1068.00
2001-08-14      15.37     2.41     1.19      1075.50
2001-08-21      15.28     2.39     1.32      1068.70
2001-08-29      15.30     2.39     1.37      1067.45
2001-09-05      14.98     2.34     1.42      1045.00
2001-09-12      14.14     2.21     1.52       982.20
2001-09-19      13.13     2.06     1.65       912.20
2001-09-26      12.58     1.97     1.72       873.70
2001-10-03      12.95     2.03     1.67       899.65
2001-10-10      13.54     2.12     1.60       940.35
2001-10-17      14.20     2.22     1.53       986.25
2001-10-24      14.38     2.23     1.54       991.20
2001-10-31      13.79     2.19     1.61       971.90
2001-11-07      14.01     2.25     1.56       987.50
2001-11-14      14.72     2.34     1.52      1015.80
2001-11-21      15.31     2.40     1.48      1056.35
2001-11-28      15.52     2.41     1.47      1070.80
2001-12-05      16.01     2.51     1.41      1104.55
2001-12-12      16.05     2.48     1.43      1107.65
2001-12-19      15.37     2.40     1.47      1060.75
2001-12-26      14.99     2.30     1.53      1034.25
2002-01-02      15.37     2.42     1.46      1060.75
2002-01-09      15.98     2.48     1.42      1102.80
2002-01-16      15.56     2.82     1.23      1090.30
2002-01-23      17.26     2.81     1.26      1089.40
2002-01-30      16.87     2.77     1.26      1067.45
2002-02-06      17.92     2.87     1.35      1113.10
2002-02-13      18.28     2.93     1.32      1135.10
2002-02-20      18.44     2.95     1.31      1145.95
2002-02-27      19.14     3.07     1.27      1189.20
2002-03-06      18.79     3.02     1.29      1172.60
2002-03-13      18.54     2.98     1.31      1157.05
2002-03-20      18.51     2.98     1.31      1155.60
2002-03-27      18.00     2.89     1.35      1123.35
2002-04-03      18.00     2.89     1.35      1123.50
2002-04-10      18.01     2.91     1.37      1138.50
2002-04-17      17.80     2.88     1.38      1125.10
2002-04-24      18.16     2.86     1.40      1110.60
2002-04-30      17.86     2.83     1.42      1084.50
2002-05-08      18.38     2.86     1.38      1117.60
2002-05-15      17.87     2.82     1.37      1107.80
2002-05-22      16.60     2.73     1.47      1045.30
2002-05-29      16.54     2.72     1.44      1041.65
2002-06-05      16.78     3.19     1.36      1064.20
2002-06-12      16.87     3.30     1.39      1092.80
2002-06-19      16.40     3.24     1.35      1062.90
2002-06-26      15.48     3.17     1.35      1044.20
2002-07-03      15.91     2.67     2.01      1069.90
2002-07-10      15.94     2.67     2.01      1071.70
2002-07-17      15.36     2.58     2.08      1032.55
2002-07-24      14.93     2.50     2.14      1004.05
2002-07-31      14.26     2.39     2.24       958.90
2002-08-07      14.41     2.42     2.22       969.10
2002-08-14      14.43     2.93     2.16       969.65
2002-08-21      14.71     2.98     2.14       988.45
2002-08-28      14.67     2.98     2.01       985.70
2002-09-04      14.98     3.05     1.94      1006.95
2002-09-11      14.86     3.02     1.84       998.85
2002-09-18      14.63     2.45     2.18       983.60
2002-09-25      14.43     2.42     2.22       970.05
2002-10-01      14.21     2.38     2.25       955.20
2002-10-09      14.21     2.38     2.25       954.75
2002-10-16      14.44     2.42     2.21       973.60
2002-10-23      14.20     2.38     2.25       957.35
2002-10-30      14.26     2.39     2.24       937.75
2002-11-05      14.63     2.45     2.19       962.30
2002-11-13      14.64     2.46     2.18       962.65
2002-11-20      15.23     2.55     2.10      1001.60
2002-11-27      13.98     2.26     2.54      1031.10
2002-12-04      14.06     2.27     2.53      1036.40
2002-12-11      14.51     2.34     2.45      1069.75
2002-12-18      14.62     2.36     2.43      1077.95
2002-12-24      14.72     2.37     2.41      1085.00
2003-01-01      14.92     2.41     2.38      1100.15
2003-01-08      14.77     2.38     2.41      1089.35
2003-01-15      14.72     2.37     2.41      1085.00
2003-01-22      14.69     2.37     2.42      1082.90
2003-01-29      14.07     2.27     2.53      1037.20
2003-02-05      14.21     2.29     2.50      1047.40
2003-02-12      14.17     2.28     2.51      1044.45
2003-02-19      14.43     2.33     2.46      1064.30
2003-02-26      14.24     2.30     2.50      1049.65
2003-03-05      14.16     2.28     2.51      1040.70
2003-03-12      13.63     2.20     2.61      1001.70
2003-03-19      13.71     2.20     2.85      1003.90
2003-03-26      13.85     2.23     2.83      1013.85
2003-04-02      13.65     2.19     2.87       999.40
2003-04-09      13.73     2.21     2.85      1004.85
2003-04-16      13.09     2.10     2.99       958.65
2003-04-23      12.76     2.05     3.07       934.20
2003-04-30      13.14     2.11     2.98       934.05
2003-05-07      11.00     2.05     3.13       950.15
2003-05-14      11.02     2.05     3.12       952.15
2003-05-21      11.21     2.09     3.07       968.00
2003-05-28      11.31     2.10     3.04       990.80
2003-06-04      11.66     2.20     2.91      1021.05
2003-06-11      11.92     2.25     2.85      1044.10
2003-06-18      12.41     2.34     2.74      1086.75
2003-06-25      12.64     2.38     2.69      1106.65
2003-07-02      12.35     2.44     2.33      1133.80
2003-07-09      12.43     2.46     2.31      1141.05
2003-07-16      12.73     2.52     2.26      1168.75
2003-07-23      12.10     2.41     2.36      1119.05
2003-07-30      12.81     2.55     2.23      1183.00
2003-08-06      12.90     2.52     2.23      1171.05
2003-08-13      13.74     2.68     2.10      1246.90
2003-08-20      14.19     2.77     2.03      1287.40
2003-08-27      14.77     2.88     1.95      1340.30
2003-09-03      14.98     2.92     1.92      1359.35
2003-09-10      15.53     3.03     1.86      1409.55
2003-09-17      14.78     2.88     1.95      1341.60
2003-09-24      15.12     2.95     1.91      1372.05
2003-10-01      15.66     3.06     1.84      1420.85
2003-10-08      16.29     3.18     1.77      1478.60
2003-10-15      16.94     3.30     1.79      1537.00
2003-10-22      16.46     3.21     1.85      1494.10
2003-10-29      16.52     3.22     1.84      1498.45
2003-11-05      17.74     3.46     1.71      1609.15
2003-11-12      17.68     3.45     1.72      1603.80
2003-11-19      16.98     3.31     1.79      1540.60
2003-11-25      17.29     3.37     1.76      1568.65
2003-12-03      18.42     3.59     1.65      1670.50
2003-12-10      18.60     3.63     1.63      1686.90
2003-12-17      19.11     3.73     1.59      1733.25
2003-12-24      19.95     3.89     1.52      1808.70
2003-12-31      20.73     4.05     1.47      1879.75
2004-01-07      21.14     4.12     1.44      1916.75
2004-01-14      21.86     4.27     1.39      1982.15
2004-01-21      20.13     3.93     1.51      1824.60
2004-01-28      20.55     4.01     1.48      1863.10
2004-02-04      20.14     3.93     1.51      1822.20
2004-02-11      20.71     4.08     1.45      1891.50
2004-02-18      21.01     4.14     1.43      1916.45
2004-02-25      19.60     3.86     1.54      1786.80
2004-03-03      21.72     3.67     1.38      1860.40
2004-03-10      21.54     3.64     1.39      1844.35
2004-03-17      20.44     3.45     1.79      1749.85
2004-03-24      19.76     3.34     1.85      1692.10
2004-03-31      20.70     3.50     1.77      1771.90
2004-04-07      21.61     3.65     1.69      1848.70
2004-04-13      19.46     3.69     1.90      1878.45
2004-04-21      19.41     3.68     1.91      1873.35
2004-04-28      18.89     3.58     1.96      1816.55
2004-05-05      16.86     3.57     1.94      1809.90
2004-05-12      15.86     3.37     2.14      1711.10
2004-05-19      14.41     3.09     2.34      1567.85
2004-05-26      13.75     3.13     2.41      1598.80
2004-06-02      12.36     2.94     2.51      1535.20
2004-06-09      12.47     2.97     2.48      1548.30
2004-06-16      12.01     2.87     2.59      1494.75
2004-06-23      11.62     2.77     2.68      1446.10
2004-06-30      12.64     2.83     2.59      1505.60
2004-07-07      13.05     2.94     2.50      1566.80
2004-07-14      12.68     2.77     2.59      1522.75
2004-07-21      13.17     2.88     2.52      1581.40
2004-07-28      13.31     2.91     2.51      1594.15
2004-08-04      13.58     2.94     2.43      1626.55
2004-08-11      13.55     2.93     2.44      1621.60
2004-08-18      13.22     2.86     2.48      1581.80
2004-08-25      13.34     2.88     2.47      1595.70
2004-09-01      13.67     2.96     2.40      1635.45
2004-09-08      13.84     2.99     2.32      1656.25
2004-09-15      14.07     3.04     2.28      1683.20
2004-09-22      14.66     3.17     2.19      1753.90
2004-09-29      14.44     3.12     2.21      1727.95
2004-10-06      15.00     3.10     2.12      1794.90
2004-10-12      14.93     3.08     2.13      1786.90
2004-10-20      14.96     3.09     2.13      1790.05
2004-10-27      14.91     3.08     2.14      1783.85
2004-11-03      15.36     3.17     2.09      1837.40
2004-11-10      15.68     3.24     2.00      1876.10
2004-11-17      15.79     3.26     1.99      1888.65
2004-11-24      15.93     3.29     1.97      1904.05
2004-12-01      16.42     3.39     1.91      1962.05
2004-12-08      16.56     3.42     1.90      1977.95
2004-12-15      17.04     3.51     1.87      2028.70
2004-12-22      14.98     3.53     1.86      2035.35
2004-12-29      15.24     3.59     1.84      2069.60
2005-01-05      14.96     3.52     1.97      2032.20
2005-01-12      14.05     3.32     2.09      1913.60
2005-01-19      14.12     3.34     2.07      1926.65
2005-01-25      13.74     3.35     2.07      1931.85
2005-02-02      14.24     3.56     1.95      2052.25
2005-02-09      14.36     3.59     2.01      2070.00
2005-02-16      14.39     3.59     2.02      2068.80
2005-02-23      14.30     3.57     2.03      2057.10
2005-03-02      14.94     3.90     1.91      2093.25
2005-03-09      15.43     4.03     1.85      2160.80
2005-03-16      15.17     3.96     1.88      2125.55
2005-03-23      14.47     3.78     1.99      2026.40
2005-03-30      14.30     3.74     2.01      1993.70
2005-04-06      14.83     3.87     1.94      2069.30
2005-04-13      14.52     3.79     1.98      2025.45
2005-04-20      13.78     3.61     2.08      1929.70
2005-04-27      13.51     3.62     2.07      1935.40
2005-05-04      13.50     3.63     2.08      1942.60
2005-05-11      13.76     3.72     2.03      1985.95
2005-05-18      13.74     3.72     2.07      1982.75
2005-05-25      13.75     3.83     2.01      2043.85
2005-06-01      13.93     3.91     1.97      2087.55
2005-06-08      14.09     3.96     1.64      2112.40
2005-06-15      14.07     3.84     1.59      2128.65
2005-06-22      14.10     3.95     1.55      2187.35
2005-06-29      14.13     3.93     1.57      2191.65
2005-07-06      14.36     3.91     1.63      2228.20
2005-07-13      14.17     3.81     1.66      2204.05
2005-07-20      14.36     3.87     1.64      2241.90
2005-07-27      14.69     3.87     1.61      2319.10
2005-08-03      14.60     3.93     1.59      2357.00
2005-08-10      14.62     3.93     1.59      2360.15
2005-08-17      14.89     3.92     1.58      2403.15
2005-08-24      14.39     3.78     1.64      2322.50
2005-08-31      14.78     3.89     1.59      2384.65
2005-09-06      15.06     3.94     1.55      2428.65
2005-09-14      15.46     4.04     1.51      2492.45
2005-09-21      15.93     4.07     1.57      2567.30
2005-09-28      16.13     4.00     1.70      2598.05
2005-10-05      16.42     4.08     1.67      2644.40
2005-10-11      16.00     3.99     1.71      2589.55
2005-10-19      14.81     3.69     1.83      2412.45
2005-10-26      14.58     3.69     1.84      2408.50
2005-11-02      14.52     3.70     1.83      2419.05
2005-11-09      14.94     3.81     1.78      2489.10
2005-11-16      15.50     3.96     1.71      2582.75
2005-11-23      15.68     4.00     1.69      2608.60
2005-11-30      15.95     4.06     1.68      2652.25
2005-12-07      16.20     4.13     1.66      2693.00
2005-12-14      16.87     4.30     1.59      2804.55
2005-12-21      17.08     4.35     1.57      2822.90
2005-12-28      16.91     4.31     1.59      2794.05
2006-01-04      17.58     4.48     1.53      2904.40
2006-01-10      17.37     4.43     1.54      2870.80
2006-01-18      16.53     4.24     1.61      2809.20
2006-01-25      17.02     4.44     1.54      2940.35
2006-02-01      17.73     4.49     1.52      2971.55
2006-02-08      17.95     4.54     1.50      3008.95
2006-02-15      17.96     4.56     1.50      3022.20
2006-02-22      18.13     4.61     1.48      3050.80
2006-03-01      18.56     4.72     1.45      3123.10
2006-03-08      18.53     4.71     1.45      3116.70
2006-03-14      19.00     4.83     1.42      3195.35
2006-03-22      19.28     4.90     1.39      3240.15
2006-03-29      19.97     5.07     1.35      3354.20
2006-04-05      20.90     5.31     1.29      3510.90
2006-04-12      20.13     5.12     1.34      3380.00
2006-04-19      20.79     5.35     1.28      3535.85
2006-04-26      20.93     5.38     1.27      3555.75
2006-05-03      20.62     5.50     1.24      3634.25
2006-05-10      21.28     5.68     1.20      3754.25
2006-05-17      20.62     5.51     1.24      3635.10
2006-05-24      17.71     4.63     1.46      3115.55
2006-05-31      17.46     4.57     1.48      3071.05
2006-06-07      16.21     4.23     1.66      2860.45
2006-06-14      14.92     3.90     1.80      2632.80
2006-06-21      16.62     4.21     1.65      2923.45
2006-06-28      17.57     4.44     1.57      2981.10
2006-07-05      18.84     4.76     1.46      3197.10
2006-07-12      18.76     4.76     1.46      3195.90
2006-07-19      17.00     4.19     1.63      2932.75
2006-07-26      17.58     4.45     1.53      3110.15
2006-08-02      17.86     4.34     1.56      3182.10
2006-08-09      18.27     4.44     1.53      3254.60
2006-08-16      18.84     4.58     1.48      3356.05
2006-08-23      18.71     4.52     1.51      3335.80
2006-08-30      19.25     4.58     1.47      3430.35
2006-09-06      19.92     4.56     1.41      3477.25
2006-09-13      19.81     4.50     1.40      3454.55
2006-09-20      20.09     4.57     1.38      3502.80
2006-09-27      20.87     4.74     1.33      3579.30
2006-10-04      20.50     4.66     1.36      3515.35
2006-10-11      20.68     4.59     1.39      3558.55
2006-10-18      21.33     4.79     1.34      3710.65
2006-10-23      20.79     4.72     1.35      3657.30
2006-11-01      20.16     4.87     1.32      3767.05
2006-11-08      20.22     4.88     1.31      3777.30
2006-11-15      20.78     4.98     1.25      3876.30
2006-11-22      21.20     5.08     1.22      3954.75
2006-11-29      21.03     5.05     1.23      3928.20
2006-12-06      21.51     5.13     1.20      4015.95
2006-12-13      20.17     4.81     1.28      3765.20
2006-12-20      20.45     4.88     1.26      3815.55
2006-12-27      21.30     5.08     1.21      3974.25
2007-01-03      21.57     5.14     1.20      4024.05
2007-01-10      20.64     4.92     1.25      3850.30
2007-01-17      21.59     5.19     1.17      4076.45
2007-01-24      21.07     5.21     1.16      4089.90
2007-01-31      19.85     5.20     1.17      4082.70
2007-02-07      20.32     5.38     1.13      4224.25
2007-02-14      19.47     5.15     1.18      4047.10
2007-02-21      19.69     5.22     1.16      4096.20
2007-02-28      18.01     4.77     1.27      3745.30
2007-03-07      17.44     4.62     1.31      3626.85
2007-03-14      17.51     4.64     1.31      3641.10
2007-03-21      18.11     4.80     1.26      3764.55
2007-03-28      18.10     4.79     1.27      3761.10
2007-04-04      18.43     4.89     1.24      3733.25
2007-04-11      19.09     5.03     1.22      3862.65
2007-04-18      19.66     5.22     1.17      4011.60
2007-04-25      20.24     5.43     1.13      4167.30
2007-04-30      19.48     5.33     1.15      4087.90
2007-05-09      19.36     5.32     1.15      4079.30
2007-05-16      19.70     5.43     1.14      4170.95
2007-05-23      19.78     5.53     1.12      4246.20
2007-05-30      20.17     5.53     1.11      4249.65
2007-06-06      19.94     5.39     1.10      4198.25
2007-06-13      19.54     5.28     1.13      4113.05
2007-06-20      20.19     5.46     1.09      4248.65
2007-06-27      20.34     5.33     1.12      4263.95
2007-07-04      20.84     5.45     1.10      4359.30
2007-07-11      21.06     5.52     1.09      4387.15
2007-07-18      21.64     5.69     1.05      4499.55
2007-07-25      21.71     5.38     1.06      4588.70
2007-08-01      19.65     5.10     1.12      4345.85
2007-08-08      20.20     5.24     1.09      4462.10
2007-08-14      19.77     5.14     1.11      4370.20
2007-08-22      18.79     4.73     1.18      4153.15
2007-08-29      19.72     4.96     1.13      4359.30
2007-09-05      20.26     5.10     1.10      4475.85
2007-09-12      20.35     5.12     1.09      4496.85
2007-09-19      21.42     5.27     1.09      4732.35
2007-09-26      22.21     5.27     1.08      4940.50
2007-10-03      23.43     5.56     1.03      5210.80
2007-10-10      24.78     5.94     0.97      5441.45
2007-10-17      25.20     5.78     0.97      5559.30
2007-10-24      24.66     5.75     0.98      5496.15
2007-10-31      25.74     6.18     0.91      5900.65
2007-11-07      25.29     6.06     0.93      5782.35
2007-11-14      25.98     6.22     0.90      5937.90
2007-11-21      24.35     5.83     0.97      5561.05
2007-11-28      24.57     5.89     0.96      5617.55
2007-12-05      25.98     6.23     0.90      5940.00
2007-12-12      27.69     6.44     0.83      6159.30
2007-12-19      25.85     5.98     0.89      5751.15
2007-12-26      27.29     6.32     0.85      6070.75
2008-01-02      27.80     6.43     0.83      6179.40
2008-01-09      28.22     6.53     0.82      6272.00
2008-01-16      26.67     6.18     0.87      5935.75
2008-01-23      22.26     5.42     0.99      5203.40
2008-01-30      22.02     5.41     0.99      5167.60
2008-02-06      22.71     5.58     0.96      5322.55
2008-02-13      21.03     5.16     1.04      4929.45
2008-02-20      21.98     5.40     0.99      5154.45
2008-02-27      22.46     5.52     0.97      5268.40
2008-03-05      20.98     5.16     1.04      4921.40
2008-03-12      20.78     5.11     1.05      4872.00
2008-03-19      19.93     4.91     1.10      4573.95
2008-03-26      21.05     5.19     1.04      4828.85
2008-04-02      20.72     5.11     1.06      4754.20
2008-04-09      20.69     5.10     1.06      4747.05
2008-04-16      21.29     5.25     1.03      4887.30
2008-04-23      21.69     5.40     1.00      5022.80
2008-04-30      22.17     5.55     0.97      5165.90
2008-05-07      21.98     5.52     0.98      5135.50
2008-05-14      21.44     5.39     1.00      5011.75
2008-05-21      21.77     5.50     0.98      5117.65
2008-05-28      20.92     5.06     1.08      4918.35
2008-06-04      19.52     4.71     1.15      4585.60
2008-06-11      19.25     4.48     1.20      4523.60
2008-06-18      19.60     4.53     1.19      4582.40
2008-06-25      18.18     4.21     1.28      4252.65
2008-07-02      17.50     4.05     1.33      4093.35
2008-07-09      17.83     3.94     1.32      4157.10
2008-07-16      16.33     3.61     1.44      3816.70
2008-07-23      19.06     4.12     1.24      4476.80
2008-07-30      18.08     3.97     1.28      4313.55
2008-08-06      19.05     4.16     1.23      4517.55
2008-08-13      19.10     4.17     1.22      4529.05
2008-08-20      18.63     4.06     1.25      4415.75
2008-08-27      18.10     3.77     1.31      4292.10
2008-09-02      19.03     3.96     1.24      4504.00
2008-09-10      18.88     3.94     1.26      4400.25
2008-09-17      17.22     3.60     1.38      4008.25
2008-09-24      17.88     3.46     1.37      4161.25
2008-10-01      16.98     3.29     1.44      3950.75
2008-10-08      15.10     2.93     1.62      3513.65
2008-10-15      14.31     2.78     1.70      3338.40
2008-10-22      13.18     2.57     1.84      3065.15
2008-10-29      11.42     2.26     2.09      2697.05
2008-11-05      13.11     2.51     1.88      2994.95
2008-11-12      12.48     2.39     1.98      2848.45
2008-11-19      11.54     2.21     2.14      2635.00
2008-11-26      12.06     2.31     2.05      2752.25
2008-12-03      11.64     2.23     2.13      2656.45
2008-12-10      12.84     2.42     1.93      2928.25
2008-12-17      12.95     2.44     1.91      2954.35
2008-12-24      12.79     2.41     1.94      2916.85
2008-12-31      12.97     2.44     1.91      2959.15
2009-01-07      12.80     2.41     1.93      2920.40
2009-01-14      12.56     2.36     1.98      2835.30
2009-01-21      11.97     2.25     2.07      2706.15
2009-01-28      13.10     2.37     1.97      2849.50
2009-02-04      13.29     2.33     2.00      2803.05
2009-02-11      13.89     2.43     1.91      2925.70
2009-02-18      13.18     2.30     2.02      2776.15
2009-02-25      13.11     2.29     2.03      2762.50
2009-03-04      12.56     2.19     2.12      2645.20
2009-03-09      12.21     2.14     2.18      2573.15
2009-03-18      13.27     2.32     2.00      2794.70
2009-03-25      14.17     2.48     1.88      2984.35
2009-04-01      14.49     2.53     1.83      3060.35
2009-04-08      15.82     2.77     1.67      3342.95
2009-04-15      16.45     2.88     1.61      3484.15
2009-04-22      15.69     2.75     1.67      3330.30
2009-04-29      16.53     2.87     1.60      3473.95
2009-05-06      17.23     2.99     1.53      3625.05
2009-05-13      17.17     3.00     1.53      3635.25
2009-05-20      20.18     3.53     1.30      4270.30
2009-05-27      20.00     3.49     1.29      4276.05
2009-06-03      20.62     3.69     1.21      4530.70
2009-06-10      21.24     3.80     1.18      4655.25
2009-06-17      19.50     3.56     1.26      4356.15
2009-06-24      19.22     3.51     1.28      4292.95
2009-07-01      20.20     3.60     1.15      4340.90
2009-07-08      18.98     3.30     1.25      4078.90
2009-07-15      19.58     3.40     1.21      4233.50
2009-07-22      19.89     3.54     1.17      4398.90
2009-07-29      20.08     3.63     1.14      4513.50
2009-08-05      21.05     3.78     1.09      4694.15
2009-08-12      19.99     3.59     1.15      4457.50
2009-08-19      19.71     3.44     1.16      4394.10
2009-08-26      20.97     3.66     1.09      4680.85
2009-09-02      20.70     3.61     1.11      4608.35
2009-09-09      21.63     3.78     1.06      4814.25
2009-09-16      22.33     3.90     1.03      4958.40
2009-09-23      22.38     3.68     1.02      4969.95
2009-09-30      22.90     3.76     1.00      5083.95
2009-10-07      22.48     3.69     1.02      4985.75
2009-10-14      22.97     3.79     0.99      5118.20
2009-10-21      22.71     3.75     1.00      5063.60
2009-10-28      21.33     3.61     1.04      4826.15
2009-11-04      20.45     3.53     1.06      4710.80
2009-11-11      22.24     3.78     0.98      5003.95
2009-11-18      22.47     3.58     0.98      5054.70
2009-11-25      22.71     3.61     0.97      5108.15
2009-12-02      22.77     3.63     0.97      5123.25
2009-12-09      22.76     3.62     0.97      5112.00
2009-12-16      22.45     3.57     0.98      5042.05
2009-12-23      22.91     3.61     0.96      5144.60
2009-12-30      23.03     3.63     0.95      5169.45
2010-01-06      23.59     3.72     0.93      5281.80
2010-01-13      23.38     3.68     0.94      5233.95
2010-01-20      23.06     3.67     0.94      5221.70
2010-01-27      21.03     3.41     1.01      4853.10
2010-02-03      21.21     3.47     1.00      4931.85
2010-02-10      20.35     3.35     1.04      4757.20
2010-02-17      21.02     3.46     1.00      4914.00
2010-02-24      20.78     3.42     1.02      4858.60
2010-03-03      21.63     3.58     0.97      5088.10
2010-03-10      21.77     3.60     0.96      5116.25
2010-03-17      22.26     3.68     0.94      5231.90
2010-03-23      22.23     3.68     0.94      5225.30
2010-03-31      22.33     3.70     0.94      5249.10
2010-04-07      22.88     3.79     0.92      5374.65
2010-04-13      23.04     3.78     0.92      5322.95
2010-04-21      22.78     3.73     0.93      5244.90
2010-04-28      22.05     3.71     0.94      5215.45
2010-05-05      21.64     3.64     0.95      5124.90
2010-05-12      21.77     3.66     0.96      5156.65
2010-05-19      20.53     3.50     1.00      4919.65
2010-05-26      20.52     3.49     1.00      4917.40
2010-06-02      21.02     3.57     0.98      5019.85
2010-06-09      20.97     3.56     0.98      5000.30
2010-06-16      21.92     3.72     0.94      5233.35
2010-06-23      22.29     3.79     0.92      5323.15
2010-06-30      22.25     3.78     0.93      5312.50
2010-07-07      21.95     3.73     0.94      5241.10
2010-07-14      22.57     3.84     0.91      5386.15
2010-07-21      22.66     3.85     0.91      5399.35
2010-07-28      22.44     3.85     0.91      5397.55
2010-08-04      23.07     3.70     1.03      5467.85
2010-08-11      22.72     3.55     1.12      5420.60
2010-08-18      23.02     3.59     1.10      5479.15
2010-08-25      22.98     3.58     1.11      5462.35
2010-09-01      23.02     3.58     1.11      5471.85
2010-09-08      23.59     3.67     1.08      5607.85
2010-09-15      24.74     3.85     1.03      5860.95
2010-09-22      25.29     3.86     1.02      5991.00
2010-09-29      25.29     3.79     1.03      5991.30
2010-10-06      25.72     3.89     1.01      6186.45
2010-10-13      25.91     3.92     1.01      6233.90
2010-10-20      24.69     3.76     1.05      5982.10
2010-10-27      24.69     3.78     1.04      6012.65
2010-11-03      25.30     3.87     1.01      6160.50
2010-11-10      25.44     3.94     1.00      6275.70
2010-11-16      23.86     3.77     1.04      5988.70
2010-11-24      23.41     3.70     1.06      5865.75
2010-12-01      23.78     3.76     1.05      5960.90
2010-12-08      23.53     3.72     1.06      5903.70
2010-12-15      23.51     3.71     1.06      5892.30
2010-12-22      23.88     3.77     1.04      5984.40
2010-12-29      24.19     3.82     1.03      6060.35
2011-01-05      24.26     3.83     1.03      6079.80
2011-01-12      23.41     3.70     1.06      5863.25
2011-01-19      22.51     3.59     1.09      5691.05
2011-01-25      21.96     3.59     1.10      5687.40
2011-02-02      20.80     3.43     1.15      5432.00
2011-02-09      20.12     3.32     1.19      5253.55
2011-02-16      20.95     3.47     1.13      5481.70
2011-02-23      20.82     3.44     1.14      5437.35
2011-03-01      21.14     3.50     1.13      5522.30
2011-03-09      21.18     3.50     1.12      5531.00
2011-03-16      21.10     3.49     1.13      5511.15
2011-03-23      20.99     3.47     1.13      5480.25
2011-03-30      21.97     3.67     1.08      5787.65
2011-04-06      22.36     3.74     1.06      5891.75
2011-04-13      22.43     3.75     1.06      5911.50
2011-04-20      22.06     3.71     1.07      5851.65
2011-04-27      21.79     3.70     1.07      5833.90
2011-05-04      20.58     3.51     1.13      5537.15
2011-05-11      20.71     3.50     1.21      5565.05
2011-05-18      20.18     3.40     1.25      5420.60
2011-05-25      19.72     3.36     1.26      5348.95
2011-06-01      20.65     3.47     1.22      5592.00
2011-06-08      20.41     3.43     1.28      5526.85
2011-06-15      20.12     3.38     1.30      5447.50
2011-06-22      19.46     3.27     1.34      5278.30
2011-06-29      20.65     3.47     1.27      5600.45
2011-07-06      20.74     3.49     1.26      5625.45
2011-07-13      20.51     3.46     1.27      5585.45
2011-07-20      20.34     3.45     1.27      5567.05
2011-07-27      20.09     3.44     1.28      5546.80
2011-08-03      19.42     3.33     1.27      5404.80
2011-08-10      18.56     3.19     1.33      5161.00
2011-08-17      18.25     3.12     1.36      5056.60
2011-08-24      17.65     2.89     1.55      4888.90
2011-08-30      18.05     2.95     1.52      5001.00
2011-09-07      18.50     3.03     1.48      5124.65
2011-09-14      18.10     2.96     1.51      5012.55
2011-09-21      18.54     3.03     1.48      5133.25
2011-09-28      17.86     2.92     1.53      4945.90
2011-10-05      17.16     2.81     1.60      4751.30
2011-10-12      18.43     3.06     1.48      5099.40
2011-10-19      18.36     3.08     1.47      5139.15
2011-10-26      18.43     3.12     1.45      5201.80
2011-11-02      19.04     3.15     1.43      5258.45
2011-11-09      18.78     3.13     1.44      5221.05
2011-11-16      18.21     3.02     1.50      5030.45
2011-11-23      17.04     2.82     1.60      4706.45
2011-11-30      17.49     2.89     1.56      4832.05
2011-12-07      18.33     3.02     1.49      5062.60
2011-12-14      17.25     2.84     1.58      4763.25
2011-12-21      17.00     2.80     1.61      4693.15
2011-12-28      17.04     2.81     1.60      4705.80
2012-01-04      17.20     2.81     1.60      4749.65
2012-01-11      17.61     2.86     1.57      4860.95
2012-01-18      17.81     2.90     1.54      4955.80
2012-01-25      18.38     2.99     1.51      5158.30
2012-02-01      18.66     3.04     1.48      5235.70
2012-02-08      19.14     3.04     1.48      5368.15
2012-02-15      19.35     3.11     1.43      5531.95
2012-02-22      19.29     3.10     1.44      5505.35
2012-02-29      19.09     3.04     1.47      5385.20
2012-03-07      18.50     2.96     1.52      5220.45
2012-03-14      19.31     3.10     1.46      5463.90
2012-03-21      18.96     3.05     1.48      5364.95
2012-03-28      18.36     2.95     1.53      5194.75
2012-04-04      18.81     3.02     1.50      5322.90
2012-04-11      18.47     2.97     1.52      5226.85
2012-04-18      18.67     3.02     1.50      5300.00
2012-04-25      18.27     2.96     1.53      5202.00
2012-05-02      17.99     3.07     1.53      5239.15
2012-05-09      17.03     2.92     1.61      4974.80
2012-05-16      16.74     2.85     1.64      4858.25
2012-05-23      16.38     2.84     1.65      4835.65
2012-05-30      16.75     2.90     1.65      4950.75
2012-06-06      16.78     2.86     1.60      4997.10
2012-06-13      16.99     2.93     1.56      5121.45
2012-06-20      16.98     2.93     1.56      5120.55
2012-06-27      17.06     2.94     1.55      5141.90
2012-07-04      17.59     3.03     1.51      5302.55
2012-07-11      17.61     3.04     1.51      5306.30
2012-07-18      17.11     2.99     1.53      5216.30
2012-07-25      16.80     2.89     1.58      5109.60
2012-08-01      17.13     2.97     1.54      5240.50
2012-08-08      17.43     3.02     1.51      5338.00
2012-08-14      17.88     3.04     1.52      5380.35
2012-08-22      18.16     2.95     1.53      5412.85
2012-08-29      17.74     2.88     1.56      5287.80
2012-09-05      17.53     2.85     1.58      5225.70
2012-09-12      18.24     2.96     1.52      5431.00
2012-09-18      18.81     3.06     1.48      5600.05
2012-09-26      19.02     3.09     1.46      5663.45
2012-10-03      19.27     3.19     1.41      5731.25
2012-10-10      19.00     3.13     1.43      5652.15
2012-10-17      18.88     3.11     1.40      5660.25
2012-10-23      18.77     3.11     1.42      5691.40
2012-10-31      18.40     3.03     1.44      5619.70
2012-11-07      18.78     3.08     1.43      5760.10
2012-11-13      17.90     3.02     1.45      5666.95
2012-11-21      17.74     2.99     1.46      5614.80
2012-11-27      18.11     3.04     1.43      5727.45
2012-12-05      18.66     3.13     1.40      5900.50
2012-12-12      18.62     3.12     1.40      5888.00
2012-12-19      18.76     3.15     1.39      5929.60
2012-12-26      18.68     3.13     1.40      5905.60
2013-01-02      18.96     3.18     1.38      5993.25
2013-01-09      18.89     3.17     1.38      5971.50
2013-01-16      18.95     3.19     1.37      6001.85
2013-01-23      18.76     3.21     1.36      6054.30
2013-01-30      18.66     3.21     1.36      6055.75
2013-02-06      18.34     3.16     1.38      5959.20
2013-02-13      18.33     3.15     1.39      5932.95
2013-02-20      18.61     3.16     1.38      5943.05
2013-02-27      17.98     3.08     1.42      5796.90
2013-03-06      18.05     3.10     1.41      5818.60
2013-03-13      18.09     3.10     1.41      5851.20
2013-03-20      17.60     3.01     1.45      5694.40
2013-03-26      17.44     2.98     1.47      5641.60
2013-04-03      17.41     2.99     1.46      5672.90
2013-04-10      17.06     2.93     1.49      5558.70
2013-04-17      17.31     3.00     1.46      5688.70
2013-04-23      17.76     3.08     1.42      5836.90
2013-04-30      17.85     3.13     1.40      5930.20
2013-05-08      18.20     3.20     1.37      6069.30
2013-05-15      18.33     3.24     1.35      6146.75
2013-05-22      18.15     3.21     1.36      6094.50
2013-05-29      18.31     3.22     1.36      6104.30
2013-06-05      17.77     3.12     1.40      5923.85
2013-06-12      17.38     3.04     1.44      5760.20
2013-06-19      17.68     3.07     1.42      5822.25
2013-06-26      16.96     2.95     1.48      5588.70
2013-07-03      17.57     2.98     1.42      5770.90
2013-07-10      17.73     2.98     1.42      5816.70
2013-07-17      18.18     3.06     1.38      5973.30
2013-07-24      18.03     3.07     1.38      5990.50
2013-07-31      17.05     2.84     1.47      5742.00
2013-08-07      16.36     2.73     1.53      5519.10
2013-08-14      16.97     2.84     1.47      5742.30
2013-08-21      15.30     2.63     1.59      5302.55
2013-08-28      15.23     2.62     1.60      5285.00
2013-09-04      15.70     2.70     1.55      5448.10
2013-09-11      17.19     2.96     1.41      5913.15
2013-09-18      17.15     2.86     1.49      5899.45
2013-09-25      17.07     2.79     1.55      5873.85
2013-10-01      16.95     2.78     1.56      5780.05
2013-10-09      17.62     2.86     1.54      6007.45
2013-10-15      17.85     2.90     1.52      6089.05
2013-10-23      17.83     2.93     1.49      6178.35
2013-10-30      18.04     2.97     1.47      6251.70
2013-11-06      17.92     2.95     1.48      6215.15
2013-11-13      17.23     2.85     1.54      5989.60
2013-11-20      17.61     2.91     1.51      6122.90
2013-11-27      18.03     2.88     1.54      6057.10
2013-12-04      18.34     2.92     1.52      6160.95
2013-12-11      18.73     3.00     1.48      6307.90
2013-12-18      18.46     2.95     1.50      6217.15
2013-12-24      18.61     2.98     1.49      6268.40
2014-01-01      18.69     2.99     1.49      6301.65
2014-01-08      18.32     2.93     1.52      6174.60
2014-01-15      18.68     3.00     1.48      6320.90
2014-01-22      18.45     3.00     1.48      6338.95
2014-01-29      17.79     2.90     1.53      6120.25
2014-02-05      17.41     2.85     1.56      6022.40
2014-02-12      17.32     2.88     1.54      6084.00
2014-02-19      17.59     2.91     1.52      6152.75
2014-02-26      17.57     2.95     1.50      6238.80
2014-03-05      17.82     2.99     1.48      6328.65
2014-03-12      18.35     3.08     1.44      6516.90
2014-03-19      18.38     3.09     1.43      6524.05
2014-03-26      18.59     3.12     1.42      6601.40
2014-04-02      19.00     3.26     1.36      6752.55
2014-04-09      19.12     3.28     1.35      6796.20
2014-04-16      18.79     3.22     1.38      6675.30
2014-04-23      19.20     3.30     1.34      6840.80
2014-04-30      18.79     3.23     1.37      6696.40
2014-05-07      18.56     3.18     1.43      6652.55
2014-05-14      19.67     3.38     1.36      7108.75
2014-05-21      20.07     3.44     1.33      7252.90
2014-05-28      20.22     3.48     1.32      7329.65
2014-06-04      20.42     3.52     1.31      7402.25
2014-06-11      20.78     3.56     1.28      7626.85
2014-06-18      20.56     3.45     1.30      7558.20
2014-06-25      20.53     3.46     1.29      7569.25
2014-07-02      20.96     3.53     1.27      7725.15
2014-07-09      20.54     3.46     1.29      7585.00
2014-07-16      20.57     3.48     1.29      7624.40
2014-07-23      20.82     3.56     1.26      7795.75
2014-07-30      20.78     3.54     1.27      7791.40
2014-08-06      20.20     3.40     1.32      7672.05
2014-08-13      20.31     3.37     1.31      7739.55
2014-08-20      20.58     3.43     1.29      7875.30
2014-08-27      20.75     3.45     1.28      7936.05
2014-09-03      21.22     3.53     1.25      8114.60
2014-09-10      21.52     3.52     1.25      8094.10
2014-09-17      21.21     3.47     1.27      7975.50
2014-09-24      20.92     3.48     1.31      8002.40
2014-10-01      20.77     3.40     1.32      7945.55
2014-10-08      20.50     3.34     1.34      7842.70
2014-10-14      20.41     3.33     1.34      7864.00
2014-10-22      20.65     3.39     1.32      7995.90
2014-10-29      20.92     3.43     1.31      8090.45
2014-11-05      21.54     3.52     1.27      8338.30
2014-11-12      21.33     3.54     1.26      8383.30
2014-11-19      21.33     3.54     1.26      8382.30
2014-11-26      21.65     3.58     1.25      8475.75
2014-12-03      21.81     3.61     1.24      8537.65
2014-12-10      21.35     3.53     1.27      8355.65
2014-12-17      20.51     3.39     1.32      8029.80
2014-12-24      20.88     3.45     1.29      8174.10
2014-12-31      21.16     3.49     1.27      8282.70
2015-01-07      20.70     3.41     1.30      8102.10
2015-01-14      21.14     3.49     1.27      8277.55
2015-01-21      22.21     3.68     1.21      8729.50
2015-01-28      22.67     3.76     1.18      8914.30
2015-02-04      22.53     3.68     1.21      8723.70
2015-02-11      22.85     3.64     1.22      8627.40
2015-02-18      23.28     3.77     1.24      8869.10
2015-02-25      23.44     3.72     1.26      8767.25
2015-03-04      23.86     3.79     1.23      8922.65
2015-03-11      23.32     3.70     1.26      8699.95
2015-03-18      23.29     3.70     1.26      8685.90
2015-03-25      22.87     3.63     1.29      8530.80
2015-04-01      22.95     3.69     1.27      8586.25
2015-04-08      23.33     3.75     1.25      8714.40
2015-04-15      23.43     3.77     1.25      8750.20
2015-04-22      22.59     3.63     1.29      8429.70
2015-04-29      22.29     3.57     1.40      8239.75
2015-05-06      21.71     3.49     1.47      8097.00
2015-05-13      22.17     3.58     1.43      8235.45
2015-05-20      22.69     3.65     1.40      8423.25
2015-05-27      22.60     3.57     1.42      8334.60
2015-06-03      22.41     3.53     1.45      8135.10
2015-06-10      22.52     3.48     1.45      8124.45
2015-06-17      22.43     3.44     1.47      8091.55
2015-06-24      23.17     3.56     1.42      8360.85
2015-07-01      23.43     3.52     1.42      8453.05
2015-07-08      23.18     3.47     1.45      8363.05
2015-07-15      23.63     3.51     1.43      8523.80
2015-07-22      23.96     3.54     1.41      8633.50
2015-07-29      23.08     3.42     1.45      8375.05
2015-08-05      23.62     3.51     1.41      8567.95
2015-08-12      23.10     3.40     1.44      8349.45
2015-08-19      23.53     3.44     1.42      8495.15
2015-08-26      21.59     3.15     1.51      7791.85
2015-09-02      21.38     3.11     1.53      7717.00
2015-09-09      21.67     3.15     1.51      7818.60
2015-09-16      21.89     3.18     1.50      7899.15
2015-09-23      21.75     3.16     1.51      7845.95
2015-09-30      22.21     3.22     1.46      7948.90
2015-10-07      22.84     3.30     1.39      8177.40
2015-10-14      22.16     3.27     1.40      8107.90
2015-10-21      22.48     3.30     1.38      8251.70
2015-10-28      22.20     3.27     1.40      8171.20
2015-11-04      21.87     3.22     1.42      8040.20
2015-11-11      21.17     3.14     1.45      7825.00
2015-11-18      20.90     3.11     1.47      7731.80
2015-11-24      21.17     3.15     1.45      7831.60
2015-12-02      21.44     3.19     1.44      7931.35
2015-12-09      20.58     3.06     1.50      7612.50
2015-12-16      20.96     3.11     1.49      7750.90
2015-12-23      21.27     3.15     1.47      7865.95
2015-12-30      21.35     3.17     1.46      7896.25
2016-01-06      20.93     3.10     1.49      7741.00
2016-01-13      20.45     3.03     1.53      7562.40
2016-01-20      19.74     2.93     1.58      7309.30
2016-01-27      20.05     2.98     1.55      7437.75
2016-02-03      19.65     2.95     1.57      7361.80
2016-02-10      19.27     2.89     1.60      7215.70
2016-02-17      19.18     2.85     1.63      7108.45
2016-02-24      18.98     2.82     1.65      7018.70
2016-03-02      19.93     2.96     1.57      7368.85
2016-03-09      20.33     3.02     1.54      7531.80
2016-03-16      20.24     3.00     1.55      7498.75
2016-03-23      20.83     3.09     1.50      7716.50
2016-03-30      20.88     3.10     1.49      7735.20
2016-04-06      20.91     3.22     1.47      7614.35
2016-04-13      21.56     3.32     1.42      7850.45
2016-04-20      21.59     3.34     1.41      7914.75
2016-04-27      21.66     3.33     1.35      7979.90
2016-05-04      20.88     3.21     1.39      7706.55
2016-05-11      21.19     3.27     1.37      7848.85
2016-05-18      21.57     3.28     1.37      7870.15
2016-05-25      22.07     3.30     1.36      7934.90
2016-06-01      22.65     3.41     1.31      8179.95
2016-06-08      22.71     3.45     1.30      8273.05
2016-06-15      22.53     3.40     1.27      8206.60
2016-06-22      22.52     3.37     1.27      8203.70
2016-06-29      22.52     3.33     1.26      8204.00
2016-07-05      22.88     3.39     1.24      8335.95
2016-07-13      23.37     3.46     1.22      8519.50
2016-07-20      23.49     3.48     1.21      8565.85
2016-07-27      23.63     3.40     1.27      8615.80
2016-08-03      23.36     3.35     1.28      8544.85
2016-08-10      23.44     3.36     1.28      8575.30
2016-08-17      23.58     3.34     1.25      8624.05
2016-08-24      23.78     3.31     1.25      8650.30
2016-08-31      24.09     3.36     1.22      8786.20
2016-09-07      24.45     3.40     1.20      8917.95
2016-09-14      23.92     3.33     1.23      8726.60
2016-09-21      24.11     3.33     1.26      8777.15
2016-09-28      23.97     3.32     1.27      8745.15
2016-10-05      23.43     3.32     1.27      8743.95
2016-10-10      23.34     3.30     1.27      8708.80
2016-10-19      23.35     3.28     1.28      8659.10
2016-10-26      23.30     3.26     1.28      8615.25
2016-11-02      23.01     3.23     1.30      8514.00
2016-11-09      22.48     3.19     1.31      8432.00
2016-11-16      21.62     3.07     1.36      8111.60
2016-11-23      21.47     3.04     1.38      8033.30
2016-11-30      21.61     3.12     1.34      8224.50
2016-12-07      21.28     3.07     1.36      8102.05
2016-12-14      21.48     3.10     1.35      8182.45
2016-12-21      21.16     3.06     1.37      8061.30
2016-12-28      21.71     3.05     1.37      8034.85
2017-01-04      21.94     3.11     1.35      8190.50
2017-01-11      22.42     3.18     1.32      8380.65
2017-01-18      22.39     3.19     1.31      8417.00
2017-01-25      22.98     3.26     1.28      8602.75
2017-02-01      23.27     3.30     1.27      8716.40
2017-02-08      23.28     3.32     1.26      8769.05
2017-02-15      22.84     3.31     1.27      8724.70
2017-02-22      23.32     3.38     1.24      8926.90
2017-03-01      23.30     3.39     1.24      8945.80
2017-03-08      23.17     3.38     1.24      8924.30
2017-03-15      23.59     3.44     1.22      9084.80
2017-03-22      23.45     3.42     1.23      9030.45
2017-03-29      23.74     3.47     1.21      9143.80
2017-04-05      23.49     3.54     1.24      9265.15
2017-04-12      23.33     3.51     1.25      9203.45
2017-04-19      23.08     3.47     1.26      9103.50
2017-04-26      23.75     3.57     1.23      9351.85
2017-05-03      23.65     3.56     1.23      9311.95
2017-05-10      23.89     3.59     1.22      9407.30
2017-05-17      25.23     3.64     1.20      9525.75
2017-05-24      24.73     3.58     1.23      9360.55
2017-05-31      24.35     3.62     1.19      9621.25
2017-06-07      24.48     3.64     1.18      9663.90
2017-06-14      24.29     3.62     1.19      9618.15
2017-06-21      24.31     3.57     1.11      9633.60
2017-06-28      24.15     3.51     1.12      9491.25
2017-07-05      24.53     3.57     1.11      9637.60
2017-07-12      24.98     3.63     1.09      9816.10
2017-07-19      25.28     3.53     1.01      9899.60
2017-07-26      25.57     3.57     1.00     10020.65
2017-08-02      25.63     3.51     0.95     10081.50
2017-08-09      25.31     3.51     0.97      9908.05
2017-08-16      25.28     3.49     0.97      9897.30
2017-08-23      25.45     3.47     0.96      9852.50
2017-08-30      25.54     3.47     0.94      9884.40
2017-09-06      25.88     3.49     0.94      9916.20
2017-09-13      26.23     3.51     0.93     10079.30
2017-09-20      26.39     3.53     0.94     10141.15
2017-09-27      25.36     3.39     0.98      9735.75
2017-10-04      25.75     3.39     1.15      9914.90
2017-10-11      25.94     3.41     1.14      9984.80
2017-10-18      26.44     3.45     1.12     10210.85
2017-10-25      26.63     3.48     1.11     10295.35
2017-11-01      26.49     3.52     1.07     10440.50
2017-11-08      26.37     3.48     1.08     10303.15
2017-11-15      25.72     3.41     1.10     10118.05
2017-11-22      26.40     3.48     1.08     10342.30
2017-11-29      26.51     3.49     1.07     10361.30
2017-12-06      25.70     3.39     1.13     10044.10
2017-12-13      26.10     3.44     1.11     10192.95
2017-12-20      26.75     3.52     1.09     10444.20
2017-12-27      26.85     3.54     1.08     10490.75
2018-01-03      26.70     3.52     1.09     10443.20
2018-01-10      27.18     3.58     1.07     10632.20
2018-01-17      27.18     3.64     1.05     10788.55
2018-01-24      27.66     3.74     1.02     11086.00
2018-01-31      27.50     3.73     1.03     11027.70
2018-02-07      25.32     3.54     1.08     10476.70
2018-02-14      25.37     3.55     1.08     10500.90
2018-02-21      25.18     3.51     1.09     10397.45
2018-02-28      25.68     3.54     1.13     10492.85
2018-03-07      24.79     3.43     1.28     10154.20
2018-03-14      25.41     3.52     1.25     10410.90
2018-03-21      24.76     3.43     1.28     10155.25
2018-03-28      24.66     3.42     1.29     10113.70
2018-04-04      25.14     3.48     1.27     10128.40
2018-04-11      25.86     3.58     1.23     10417.15
2018-04-18      26.13     3.62     1.22     10526.20
2018-04-25      26.24     3.63     1.21     10570.55
2018-05-02      26.60     3.68     1.20     10718.05
2018-05-09      26.66     3.69     1.19     10741.70
2018-05-16      26.66     3.69     1.19     10741.10
2018-05-23      25.86     3.58     1.23     10430.35
2018-05-30      27.01     3.65     1.21     10614.35
2018-06-06      27.06     3.67     1.23     10684.65
2018-06-13      27.54     3.73     1.22     10856.70
2018-06-20      26.52     3.70     1.22     10772.05
2018-06-27      25.73     3.67     1.24     10671.40
2018-07-04      26.02     3.62     1.21     10769.90
2018-07-11      27.20     3.68     1.19     10948.30
2018-07-18      27.28     3.70     1.19     10980.45
2018-07-25      27.66     3.63     1.20     11132.00
2018-08-01      28.14     3.69     1.19     11346.20
2018-08-08      28.23     3.73     1.17     11450.00
2018-08-14      28.02     3.72     1.18     11435.10
2018-08-21      28.29     3.77     1.16     11570.90
2018-08-29      28.55     3.76     1.14     11691.90
2018-09-05      27.90     3.69     1.17     11476.95
2018-09-12      27.64     3.66     1.18     11369.90
2018-09-19      27.31     3.61     1.19     11234.35
2018-09-26      26.87     3.50     1.22     11053.80
2018-10-03      26.26     3.45     1.24     10858.25
2018-10-10      25.30     3.32     1.28     10460.10
2018-10-17      25.19     3.32     1.29     10453.05
2018-10-24      24.60     3.25     1.31     10224.75
2018-10-31      25.00     3.29     1.27     10386.60
2018-11-07      25.49     3.36     1.25     10598.40
2018-11-14      25.43     3.35     1.25     10576.30
2018-11-21      25.55     3.35     1.25     10600.05
2018-11-28      25.96     3.39     1.24     10728.85
2018-12-05      26.09     3.41     1.23     10782.90
2018-12-12      25.98     3.40     1.24     10737.60
2018-12-19      26.53     3.47     1.21     10967.30
2018-12-26      25.96     3.39     1.24     10729.85
2019-01-02      26.00     3.36     1.25     10792.50
2019-01-09      26.15     3.38     1.24     10855.15
2019-01-16      26.17     3.39     1.24     10890.30
2019-01-23      26.32     3.37     1.25     10831.50
2019-01-30      25.84     3.32     1.27     10651.80
2019-02-06      27.39     3.45     1.22     11062.45
2019-02-13      26.60     3.36     1.25     10793.65
2019-02-20      26.50     3.34     1.26     10735.45
2019-02-27      26.36     3.41     1.25     10806.65
2019-03-06      27.09     3.49     1.22     11053.00
2019-03-13      27.80     3.58     1.19     11341.70
2019-03-20      28.24     3.64     1.17     11521.05
2019-03-27      28.05     3.61     1.18     11445.05
2019-04-03      29.06     3.72     1.13     11643.95
2019-04-10      28.91     3.70     1.14     11584.30
2019-04-16      29.42     3.76     1.12     11787.15
2019-04-24      29.27     3.75     1.12     11726.15
2019-04-30      29.33     3.76     1.12     11748.15
2019-05-08      28.38     3.63     1.16     11359.45
2019-05-15      27.82     3.57     1.18     11157.00
2019-05-22      29.22     3.75     1.12     11737.90
2019-05-29      29.44     3.79     1.23     11861.10
2019-06-04      29.73     3.84     1.21     12021.65
2019-06-12      29.45     3.81     1.22     11906.20
2019-06-19      28.91     3.73     1.25     11691.45
2019-06-26      29.09     3.78     1.23     11847.55
2019-07-03      29.30     3.75     1.23     11916.75
2019-07-10      28.20     3.62     1.27     11498.90
2019-07-17      28.58     3.65     1.28     11687.50
2019-07-24      27.62     3.53     1.32     11271.30
2019-07-31      27.42     3.45     1.33     11118.00
2019-08-07      26.74     3.37     1.36     10855.50
2019-08-14      27.24     3.43     1.34     11029.40
2019-08-21      27.01     3.39     1.35     10918.70
2019-08-28      27.33     3.43     1.34     11046.10
2019-09-04      26.61     3.29     1.42     10844.65
2019-09-11      27.13     3.35     1.39     11035.70
2019-09-18      26.66     3.29     1.42     10840.65
2019-09-25      25.92     3.47     1.34     11440.20
2019-10-01      26.17     3.50     1.32     11359.90
2019-10-09      26.13     3.49     1.32     11313.30
2019-10-16      26.48     3.54     1.30     11464.00
2019-10-23      26.75     3.58     1.29     11604.10
2019-10-30      27.30     3.66     1.26     11844.10
2019-11-06      27.71     3.70     1.25     11966.05
2019-11-13      27.31     3.66     1.26     11840.45
2019-11-20      27.23     3.71     1.24     11999.10
2019-11-27      28.20     3.74     1.23     12100.70
2019-12-04      28.07     3.72     1.24     12043.20
2019-12-11      27.76     3.68     1.25     11910.15
2019-12-18      28.48     3.77     1.22     12221.65
2019-12-24      28.47     3.77     1.22     12214.55
2020-01-01      28.33     3.76     1.24     12182.50
2020-01-08      27.97     3.71     1.25     12025.35
2020-01-15      28.63     3.81     1.22     12343.30
2020-01-22      27.73     3.42     1.26     12106.90
2020-01-29      26.81     3.42     1.26     12129.50
2020-02-05      27.05     3.40     1.26     12089.15
2020-02-12      27.65     3.44     1.25     12201.20
2020-02-19      27.60     3.41     1.26     12125.90
2020-02-26      26.58     3.29     1.30     11678.50
2020-03-04      25.61     3.17     1.35     11251.00
2020-03-11      23.80     2.94     1.46     10458.40
2020-03-18      19.27     2.38     1.80      8468.80
2020-03-25      18.74     2.37     1.83      8317.85
2020-04-01      18.60     2.35     1.84      8253.80
2020-04-08      19.72     2.49     1.74      8748.75
2020-04-15      20.11     2.54     1.70      8925.30
2020-04-22      20.56     2.62     1.66      9187.30
2020-04-29      21.65     2.72     1.59      9553.35
2020-05-06      21.34     2.64     1.64      9270.90
2020-05-13      21.51     2.67     1.62      9383.55
2020-05-20      21.16     2.58     1.68      9066.55
2020-05-27      21.77     2.65     1.64      9314.95
2020-06-03      23.50     2.86     1.51     10061.55
2020-06-10      24.41     2.88     1.51     10116.15
2020-06-17      24.59     2.81     1.54      9881.15
2020-06-24      25.63     2.93     1.48     10305.30
2020-07-01      26.97     2.98     1.54     10430.05
2020-07-08      27.98     3.05     1.50     10705.75
2020-07-15      27.88     3.03     1.51     10618.20
2020-07-22      28.93     3.17     1.44     11132.60
2020-07-29      29.59     3.10     1.54     11202.85
2020-08-05      30.41     3.13     1.48     11101.65
2020-08-12      31.33     3.18     1.46     11308.40
2020-08-19      32.09     3.21     1.44     11408.40
2020-08-26      32.64     3.23     1.45     11549.60
2020-09-02      32.71     3.24     1.44     11535.00
2020-09-09      32.33     3.17     1.49     11278.00
2020-09-16      33.26     3.23     1.41     11604.55
2020-09-23      31.91     3.10     1.47     11131.85
2020-09-30      32.69     3.19     1.41     11247.55
2020-10-07      34.12     3.32     1.35     11738.85
2020-10-14      34.87     3.39     1.33     11971.05
2020-10-21      34.40     3.38     1.33     11937.65
2020-10-28      33.94     3.32     1.35     11729.60
2020-11-04      32.27     3.37     1.33     11908.50
2020-11-11      34.50     3.61     1.25     12749.15
2020-11-18      35.59     3.66     1.23     12938.25
2020-11-25      35.36     3.64     1.23     12858.40
2020-12-02      36.06     3.71     1.21     13113.75
2020-12-09      37.20     3.83     1.17     13529.10
2020-12-16      37.63     3.87     1.16     13682.70
2020-12-23      37.40     3.85     1.17     13601.10
2020-12-30      38.45     3.96     1.14     13981.95
2021-01-06      38.90     4.01     1.12     14146.25
2021-01-13      39.94     4.13     1.09     14564.85
2021-01-20      39.55     4.15     1.08     14644.70
2021-01-27      37.52     3.96     1.14     13967.50
2021-02-03      39.16     4.19     1.07     14789.95
2021-02-10      41.81     4.28     1.05     15106.50
2021-02-17      41.49     4.31     1.04     15208.90
2021-02-24      40.88     4.24     1.06     14982.00
2021-03-03      41.60     4.32     1.04     15245.60
2021-03-10      41.33     4.30     1.05     15174.80
2021-03-17      40.10     4.17     1.08     14721.30
2021-03-24      39.63     4.12     1.09     14549.40
2021-03-30      40.43     4.21     1.07     14845.10
2021-04-07      33.49     4.24     0.95     14819.05
2021-04-13      32.72     4.15     0.99     14504.80
2021-04-20      31.97     4.09     1.00     14296.40
2021-04-28      32.72     4.26     0.96     14864.55
2021-05-05      30.65     4.19     1.00     14617.85
2021-05-12      29.83     4.21     1.00     14696.50
2021-05-19      29.98     4.30     0.98     15030.15
2021-05-26      29.41     4.38     0.99     15301.45
2021-06-02      28.88     4.39     1.06     15576.20
2021-06-09      28.99     4.41     1.07     15635.35
2021-06-16      29.24     4.45     1.20     15767.55
2021-06-23      28.89     4.30     1.22     15686.95
2021-06-30      28.33     4.24     1.26     15721.50
2021-07-07      28.62     4.28     1.10     15879.65
2021-07-14      28.50     4.27     1.09     15853.95
2021-07-20      27.89     4.21     1.11     15632.10
2021-07-28      26.98     4.10     1.18     15709.40
2021-08-04      27.39     4.25     1.14     16258.80
2021-08-11      26.34     4.24     1.13     16282.25
2021-08-18      25.39     4.19     1.10     16568.85
2021-08-25      25.49     4.21     1.10     16634.65
2021-09-01      26.17     4.32     1.05     17076.25
2021-09-08      26.59     4.39     1.07     17353.50
2021-09-15      26.84     4.43     1.06     17519.45
2021-09-22      26.87     4.43     1.13     17546.65
2021-09-29      27.11     4.43     1.16     17711.30
2021-10-06      27.02     4.42     1.17     17646.00
2021-10-12      27.49     4.51     1.14     17991.95
2021-10-20      27.72     4.57     1.08     18266.60
2021-10-27      27.06     4.56     1.13     18210.95
2021-11-03      25.98     4.46     1.13     17829.20
2021-11-10      26.03     4.51     1.09     18017.20
2021-11-17      24.69     4.48     1.12     17898.65
2021-11-24      24.03     4.36     1.16     17415.05
2021-11-30      23.43     4.25     1.19     16983.20
2021-12-08      24.10     4.37     1.18     17469.75
2021-12-15      23.75     4.31     1.20     17221.40
2021-12-22      23.39     4.24     1.22     16955.45
2021-12-29      23.74     4.31     1.21     17213.60
2022-01-05      24.91     4.52     1.15     17925.25
2022-01-12      25.30     4.59     1.13     18212.35
2022-01-19      24.76     4.52     1.15     17938.40
2022-01-25      23.47     4.35     1.20     17277.95
2022-02-02      23.95     4.48     1.17     17780.00
2022-02-09      23.09     4.40     1.20     17463.80
2022-02-16      22.27     4.36     1.28     17322.20
2022-02-22      21.97     4.31     1.24     17092.20
2022-03-02      21.35     4.18     1.27     16605.95
2022-03-09      21.01     4.12     1.28     16345.35
2022-03-16      21.82     4.28     1.22     16975.35
2022-03-23      22.17     4.35     1.19     17245.65
2022-03-30      22.50     4.41     1.17     17498.25
2022-04-06      23.37     4.55     1.12     17807.65
2022-04-13      22.92     4.46     1.13     17475.65
2022-04-20      22.33     4.38     1.15     17136.55
2022-04-27      21.96     4.35     1.16     17038.40
2022-05-04      21.31     4.26     1.19     16677.60
2022-05-11      20.32     4.13     1.22     16167.10
2022-05-18      20.09     4.15     1.31     16240.30
2022-05-25      19.74     4.09     1.38     16025.80
2022-06-01      20.45     4.22     1.44     16522.75
2022-06-07      20.31     4.20     1.43     16416.35
2022-06-15      19.42     4.01     1.45     15692.15
2022-06-22      19.07     3.94     1.46     15413.30
2022-06-29      19.55     4.04     1.38     15799.10
2022-07-06      19.76     4.08     1.41     15989.80
2022-07-13      19.72     3.85     1.39     15966.65
2022-07-20      20.33     3.98     1.36     16520.85
2022-07-27      20.19     4.00     1.38     16641.80
2022-08-03      20.85     4.18     1.30     17388.15
2022-08-10      21.11     4.21     1.34     17534.75
2022-08-17      21.42     4.20     1.33     17944.25
2022-08-24      21.02     4.11     1.42     17604.95
2022-08-30      21.20     4.12     1.41     17759.30
2022-09-07      21.04     4.09     1.41     17624.40
2022-09-14      21.49     4.18     1.34     18003.75
2022-09-21      21.15     4.11     1.29     17718.35
2022-09-28      20.13     3.91     1.36     16858.60
2022-10-04      20.86     4.06     1.31     17274.30
2022-10-12      20.67     4.02     1.32     17123.60
2022-10-19      21.02     4.12     1.31     17512.25
2022-10-25      21.00     4.15     1.28     17656.35
2022-11-02      21.82     4.25     1.25     18082.85
2022-11-09      21.66     4.27     1.26     18157.00
2022-11-16      21.91     4.32     1.30     18409.65
2022-11-22      21.93     4.28     1.32     18244.20
2022-11-30      22.54     4.40     1.28     18758.35
2022-12-07      22.31     4.36     1.27     18560.50
2022-12-13      22.36     4.37     1.27     18608.00
2022-12-21      21.87     4.27     1.29     18199.10
2022-12-28      21.78     4.25     1.27     18122.50
2023-01-04      21.71     4.23     1.27     18042.95
2023-01-11      21.52     4.20     1.28     17895.70
2023-01-18      21.67     4.26     1.36     18165.35
2023-01-25      21.19     4.19     1.37     17891.95
2023-02-01      20.68     4.13     1.40     17616.30
2023-02-08      21.10     4.19     1.42     17871.70
2023-02-15      21.31     4.22     1.41     18015.85
2023-02-22      20.69     4.11     1.40     17554.30
2023-03-01      20.56     4.09     1.43     17450.90
2023-03-08      20.92     4.16     1.40     17754.40
2023-03-15      20.00     3.97     1.47     16972.15
2023-03-22      20.21     4.02     1.45     17151.90
2023-03-29      20.13     4.00     1.46     17080.70
2023-04-05      20.67     4.10     1.43     17557.05
2023-04-12      20.97     3.76     1.39     17812.40
2023-04-19      20.60     4.12     1.42     17618.75
2023-04-26      20.59     4.17     1.40     17813.60
2023-05-03      21.33     4.23     1.38     18089.85
2023-05-10      21.88     4.29     1.36     18315.10
2023-05-17      21.47     4.26     1.49     18181.75
2023-05-24      21.24     4.28     1.49     18285.40
2023-05-31      21.59     4.33     1.36     18534.40
2023-06-07      21.81     4.38     1.43     18726.40
2023-06-14      21.84     4.38     1.43     18755.90
2023-06-20      21.91     4.40     1.40     18816.70
2023-06-28      22.08     4.43     1.43     18972.10
2023-07-05      22.60     4.55     1.38     19398.50
2023-07-12      22.58     4.54     1.38     19384.30
2023-07-19      24.09     4.85     1.27     19833.15
2023-07-26      23.97     4.83     1.27     19778.30
2023-08-02      22.72     4.73     1.33     19526.55
2023-08-09      22.81     4.75     1.37     19632.55
2023-08-16      22.52     4.68     1.39     19465.00
2023-08-23      22.19     4.56     1.37     19444.00
2023-08-29      22.07     4.42     1.38     19342.65
2023-09-06      22.37     4.43     1.36     19611.05
2023-09-13      22.67     4.46     1.34     20070.00
2023-09-20      22.48     4.41     1.35     19901.40
2023-09-27      22.27     4.36     1.36     19716.45
2023-10-04      21.98     3.41     1.38     19436.10
2023-10-11      22.41     3.48     1.36     19811.35
2023-10-18      21.87     3.45     1.36     19671.10
2023-10-25      20.92     3.36     1.48     19122.15
2023-11-01      20.40     3.33     1.41     18989.15
2023-11-08      20.97     3.41     1.42     19443.50
2023-11-15      21.05     3.45     1.33     19675.45
2023-11-22      21.17     3.47     1.38     19811.85
2023-11-29      21.48     3.52     1.36     20096.60
2023-12-06      22.38     3.67     1.30     20937.70
2023-12-13      22.36     3.67     1.32     20926.35
2023-12-20      22.60     3.71     1.31     21150.15
2023-12-27      23.14     3.80     1.28     21654.75
2024-01-03      22.94     3.77     1.29     21517.35
2024-01-10      23.05     3.79     1.29     21618.70
2024-01-17      23.03     3.78     1.21     21571.95
2024-01-24      22.39     3.76     1.25     21453.95
2024-01-31      22.46     3.81     1.23     21725.70
2024-02-07      22.66     3.84     1.21     21930.50
2024-02-14      22.59     3.83     1.24     21840.05
2024-02-20      22.92     3.89     1.21     22196.95
2024-02-28      22.66     3.84     1.22     21951.15
2024-03-06      23.20     3.94     1.19     22474.05
2024-03-13      22.71     3.85     1.22     21997.70
2024-03-20      22.55     3.83     1.23     21839.10
2024-03-27      22.84     3.87     1.21     22123.65
2024-04-03      22.99     3.93     1.20     22434.65
2024-04-10      23.32     3.99     1.18     22753.80
2024-04-16      22.68     3.88     1.20     22147.90
2024-04-24      22.58     3.93     1.19     22402.40
2024-04-30      22.00     3.96     1.16     22604.85
2024-05-07      21.61     3.91     1.19     22302.50
2024-05-15      21.17     3.89     1.35     22200.55
2024-05-22      21.55     3.96     1.29     22597.80
2024-05-29      21.57     3.98     1.29     22704.70
2024-06-05      21.51     3.97     1.26     22620.35
2024-06-12      22.18     4.09     1.24     23322.95
2024-06-19      22.36     4.08     1.22     23516.00
2024-06-26      22.69     4.10     1.24     23868.80
2024-07-03      23.11     4.18     1.22     24286.50
2024-07-10      23.15     4.19     1.23     24324.45
2024-07-16      23.39     4.17     1.21     24613.00
2024-07-24      23.05     4.11     1.22     24413.50
2024-07-31      23.40     4.21     1.19     24951.15
2024-08-07      22.61     4.09     1.25     24297.50
2024-08-14      22.47     4.07     1.24     24143.75
2024-08-21      23.01     4.17     1.22     24770.20
2024-08-28      23.28     4.22     1.22     25052.35
2024-09-04      23.43     4.26     1.21     25198.70
2024-09-11      23.17     4.11     1.22     24918.45
2024-09-18      23.60     4.04     1.20     25377.55
2024-09-25      24.18     3.84     1.17     26004.15
2024-10-01      24.25     3.86     1.16     25796.90
2024-10-09      23.48     3.74     1.20     24981.95
2024-10-16      23.47     3.74     1.20     24971.30
2024-10-23      22.81     3.66     1.23     24435.50
2024-10-30      22.90     3.65     1.25     24340.85
2024-11-06      22.80     3.67     1.27     24484.05
2024-11-13      21.68     3.53     1.33     23559.05
2024-11-19      21.65     3.52     1.36     23518.50
2024-11-27      22.34     3.63     1.26     24274.90
2024-12-04      22.52     3.65     1.25     24467.45
2024-12-11      22.68     3.67     1.24     24641.80
2024-12-18      22.27     3.61     1.25     24198.85
2024-12-24      21.84     3.54     1.27     23727.65
2025-01-01      21.88     3.54     1.27     23742.90
2025-01-08      21.83     3.53     1.27     23688.95
2025-01-15      21.37     3.46     1.30     23213.20
2025-01-22      21.19     3.45     1.35     23155.35
2025-01-29      21.06     3.45     1.38     23163.10
2025-02-05      21.52     3.53     1.37     23696.30
2025-02-12      20.52     3.43     1.45     23045.25
2025-02-19      20.38     3.41     1.42     22932.90
2025-02-25      20.04     3.36     1.42     22547.55
2025-03-05      19.86     3.33     1.44     22337.30
2025-03-12      19.97     3.34     1.43     22470.50
2025-03-19      20.36     3.41     1.41     22907.60
2025-03-26      20.88     3.50     1.37     23486.85
2025-04-02      21.20     3.45     1.33     23332.35
2025-04-09      20.36     3.31     1.38     22399.15
2025-04-16      21.30     3.47     1.32     23437.20
2025-04-23      21.99     3.60     1.27     24328.95
2025-04-30      21.94     3.60     1.29     24334.20
2025-05-07      21.99     3.61     1.27     24414.40
2025-05-14      22.14     3.65     1.13     24666.90
2025-05-21      22.19     3.67     1.15     24813.45
2025-05-28      22.32     3.66     1.16     24752.45
2025-06-04      22.14     3.60     1.18     24620.20
2025-06-11      22.60     3.66     1.17     25141.40
2025-06-18      22.30     3.61     1.16     24812.05
2025-06-25      22.69     3.67     1.11     25244.75
2025-07-02      22.91     3.69     1.24     25453.40
2025-07-09      22.93     3.66     1.27     25476.10
2025-07-15      22.67     3.58     1.29     25195.80
2025-07-23      22.29     3.48     1.30     25219.90
2025-07-30      22.05     3.41     1.37     24855.05
2025-08-06      21.75     3.35     1.40     24574.20
2025-08-13      21.68     3.27     1.37     24619.35
2025-08-20      22.00     3.37     1.33     25050.55
2025-08-26      21.71     3.31     1.35     24712.05
2025-09-03      21.71     3.31     1.35     24715.05
2025-09-10      21.94     3.33     1.36     24973.10
2025-09-17      22.25     3.38     1.34     25330.25
2025-09-24      22.01     3.34     1.35     25056.90
2025-10-01      21.96     3.40     1.34     24836.30
2025-10-08      22.15     3.43     1.33     25046.15
2025-10-15      22.39     3.46     1.32     25323.55
2025-10-21      22.74     3.54     1.30     25868.60
2025-10-29      22.92     3.56     1.29     26053.90
2025-11-04      22.51     3.50     1.31     25597.65
2025-11-12      22.52     3.54     1.29     25875.80
2025-11-19      22.45     3.54     1.29     26052.65
2025-11-26      22.82     3.56     1.28     26205.30
2025-12-03      22.62     3.53     1.29     25986.00
2025-12-10      22.43     3.50     1.30     25758.00
2025-12-17      22.48     3.51     1.30     25818.55
2025-12-24      22.76     3.55     1.28     26142.10
2025-12-31      22.75     3.55     1.28     26129.60
2026-01-07      22.76     3.55     1.28     26140.75
2026-01-14      22.38     3.49     1.31     25665.60
2026-01-21      21.85     3.42     1.31     25157.50
2026-01-28      22.07     3.45     1.30     25342.75
2026-02-04      22.38     3.50     1.26     25776.00
2026-02-11      22.74     3.53     1.24     25953.85
2026-02-18      22.60     3.51     1.21     25819.35
2026-02-25      22.30     3.46     1.22     25482.50
2026-03-04      21.42     3.33     1.27     24480.50
2026-03-11      20.88     3.24     1.31     23866.85
2026-03-18      20.81     3.23     1.31     23777.80
2026-03-25      20.39     3.17     1.34     23306.45
2026-04-01      19.93     3.10     1.37     22679.40
2026-04-08      21.09     3.28     1.30     23997.35
2026-04-15      21.27     3.31     1.28     24231.30
2026-04-22      21.28     3.33     1.27     24378.10
2026-04-29      21.02     3.30     1.29     24177.65
2026-05-06      21.21     3.33     1.28     24330.95
2026-05-13      20.33     3.21     1.33     23412.60
2026-05-20      20.41     3.24     1.32     23659.00
2026-05-27      20.58     3.26     1.38     23907.15
2026-06-03      20.20     3.14     1.23     23405.60
2026-06-09      20.06     3.07     1.22     23242.10
2026-06-17      20.77     3.17     1.20     24085.70
2026-06-24      20.72     3.17     1.37     24021.65
2026-07-01      20.70     3.13     1.23     24005.85
2026-07-08      20.59     3.11     1.23     23882.05
2026-07-15      20.75     3.10     1.25     24078.50
2026-07-22      20.48     2.99     1.20     23996.25
2026-07-29      20.69     2.98     1.20     24250.20
2026-08-05      20.91     3.02     1.26     24624.65
2026-08-12      20.62     2.99     1.20     24435.95
2026-08-19      20.36     2.92     1.18     24078.30
2026-08-26      20.46     2.93     1.16     24207.75
2026-09-02      20.22     2.89     1.19     23914.45
2026-09-07      20.10     2.88     1.19     23779.15
